1000
161
780
992
325
524
177
819
318
114
485
599
918
477
231
52
897
189
659
315
963
709
431
943
974
649
540
867
538
643
199
146
69
620
944
183
389
544
717
557
728
718
81
258
407
975
792
464
112
514
894
670
87
45
305
762
910
963
906
418
696
156
103
830
20
455
894
401
102
393
868
534
4
548
679
25
326
702
936
995
840
479
97
644
197
205
57
443
553
241
977
256
333
690
383
882
521
340
146
324
140
299
352
517
246
594
378
827
45
670
482
726
413
77
160
520
214
662
961
65
929
752
752
930
859
653
405
424
428
676
482
954
24
229
970
125
860
131
155
397
806
668
782
908
112
256
938
549
589
650
998
321
444
532
336
639
213
637
863
295
131
803
745
488
473
742
984
292
555
4
567
844
462
496
962
200
412
387
235
797
145
60
516
57
339
577
417
970
481
15
263
169
39
104
986
362
88
432
967
350
863
145
6
483
666
652
535
673
483
763
383
537
846
344
738
640
727
369
498
543
694
308
681
451
91
870
30
639
206
941
393
451
62
197
898
22
993
27
330
119
922
576
373
577
419
394
888
955
1
396
948
191
337
132
292
860
672
840
592
305
983
938
283
87
273
877
67
512
9
596
569
290
597
445
202
511
193
25
243
742
649
525
198
486
769
289
866
641
708
273
118
622
810
395
724
783
758
868
501
172
726
683
723
978
856
543
705
158
155
493
914
830
500
850
911
377
514
751
171
20
86
400
547
926
627
706
458
602
569
580
338
757
471
44
747
876
551
741
784
285
479
562
771
839
545
88
554
615
142
107
222
549
65
507
700
228
436
841
641
987
415
770
755
511
966
652
166
826
134
208
667
832
771
567
696
134
463
414
246
44
674
813
603
691
529
644
926
11
932
238
810
866
383
687
200
515
234
762
420
919
432
426
476
799
69
984
655
291
247
776
739
187
855
906
802
327
478
40
882
95
686
151
946
680
916
516
341
510
159
8
246
611
427
299
761
404
190
206
517
771
697
880
30
757
708
473
144
487
191
234
901
798
687
318
121
657
349
862
995
293
848
971
691
325
708
932
428
23
1
688
41
379
622
485
745
235
49
790
385
166
738
682
426
546
583
477
223
266
312
953
812
702
190
980
144
654
199
668
283
305
708
775
492
847
741
946
250
122
105
96
282
373
298
316
872
366
944
387
635
761
94
442
67
136
366
421
437
297
440
789
759
953
788
999
246
988
321
821
36
366
246
687
351
79
846
581
88
657
698
770
417
460
539
985
812
42
417
903
453
48
285
809
201
768
892
495
502
499
936
955
414
930
547
554
842
247
875
729
75
237
824
74
518
861
654
792
938
167
23
675
648
307
867
881
676
474
499
548
502
315
248
665
589
760
829
824
920
279
497
483
478
627
206
316
687
518
922
92
239
392
59
140
889
806
194
379
413
800
13
608
520
742
686
415
505
433
824
205
285
714
755
232
365
87
197
460
210
187
638
898
920
988
25
144
369
127
464
177
888
817
73
979
597
701
582
390
536
183
158
295
392
614
158
858
4
550
674
5
336
479
638
803
101
970
304
882
29
26
552
568
328
180
25
739
550
457
105
185
571
346
547
967
626
954
149
697
596
321
620
207
231
273
857
118
714
970
281
875
574
275
146
248
249
905
337
182
821
260
709
893
247
387
463
452
552
890
868
104
339
931
506
248
252
317
777
202
550
470
297
706
116
337
413
354
190
53
840
533
405
369
130
50
557
574
546
893
943
891
863
38
606
394
774
153
108
916
957
325
707
868
858
210
131
159
184
231
327
186
231
628
626
676
284
681
896
175
772
193
290
444
153
826
535
2
850
490
669
718
139
488
876
276
616
683
647
635
887
729
864
357
269
463
838
726
297
458
905
251
527
833
843
727
160
311
66
389
151
845
268
203
643
567
682
184
473
602
96
723
221
755
745
123
576
447
315
773
843
798
58
632
22
796
66
839
596
187
483
95
973
290
714
608
993
364
641
125
392
355
282
609
757
335
347
61
637
870
800
405
565
131
554
993
436
571
12
551
909
739
996
607
80
156
915
656
505
625
340
777
160
193
457
110
911
955
785
159
759
871
810
48
277
661
808
889
531
118
753
262
524
868
84
735
939
620
195
601
278
108
262
220
6
687
815
298
882
729
45
471
734
50
762
5
183
838
296
85
4
967
13
354
681
459
848
540
128
256
489
542
958
22
552
978
997
824
708
647
269
293
577
929
714
458
940
838
894
256
222
79
242
365
847
738
260
761
313
403
687
525
872
315
612