10000
942
27
355
429
8
493
940
526
369
884
368
95
377
237
443
537
246
698
756
454
704
136
667
261
593
786
78
452
638
649
404
442
474
693
240
740
656
560
466
290
326
858
791
404
516
163
482
863
798
777
578
743
633
896
562
787
833
598
302
677
43
216
262
634
586
449
903
511
184
593
763
746
312
396
691
889
426
810
818
219
198
478
168
627
890
452
471
340
728
907
548
17
605
434
137
596
701
123
142
419
835
14
920
717
453
655
385
445
882
149
321
898
666
698
504
248
533
262
215
781
585
600
225
166
887
426
745
745
972
735
173
921
312
529
662
263
520
826
627
414
765
210
550
308
44
609
260
16
276
960
282
3
733
232
296
565
181
887
163
828
275
606
122
41
323
239
802
682
637
718
768
798
62
804
286
43
19
139
549
484
353
707
652
620
666
838
822
196
269
387
985
185
897
259
500
545
24
588
947
357
737
109
352
63
428
648
270
673
381
549
446
248
327
489
79
385
1000
609
483
420
32
345
128
204
407
823
631
627
319
96
844
58
660
510
116
553
475
401
959
590
608
770
726
462
140
366
807
492
30
169
309
73
409
363
236
586
281
781
856
19
787
396
172
624
154
866
969
598
562
655
134
116
296
988
236
129
150
40
862
653
829
666
635
468
589
937
27
546
569
469
639
667
574
107
339
28
282
884
376
907
79
93
930
98
915
961
923
492
120
905
630
523
338
395
608
200
697
950
368
37
766
988
298
357
34
992
863
607
658
984
551
228
788
735
711
346
457
720
419
413
2
238
461
739
490
356
601
801
119
643
540
60
366
575
501
374
234
456
691
585
479
814
247
398
382
890
850
491
622
324
88
272
831
367
401
778
640
70
324
435
872
440
443
995
764
230
862
826
762
317
964
540
844
426
574
920
99
268
102
423
668
381
733
460
571
503
493
765
966
641
530
913
934
293
646
659
679
56
884
82
15
855
739
829
859
384
575
653
66
769
106
196
17
46
423
567
167
944
637
951
843
119
151
392
892
159
370
959
931
813
930
930
922
182
321
100
361
246
504
704
243
440
772
916
467
993
175
83
781
334
53
626
494
944
658
34
219
607
732
273
410
764
620
591
85
25
195
752
734
719
387
521
572
155
577
655
108
777
809
894
231
603
450
361
350
463
246
969
100
510
407
245
368
607
654
569
757
682
525
506
943
255
237
364
544
873
837
981
881
387
187
68
22
182
963
76
760
742
808
904
792
406
81
959
933
210
173
256
707
414
10
940
575
836
197
249
102
24
671
268
572
357
795
745
925
231
154
715
556
351
100
409
740
236
204
199
375
258
382
332
486
985
948
218
416
262
621
433
193
844
552
83
8
97
612
806
877
856
667
727
113
667
376
879
931
161
751
43
197
776
966
314
54
831
396
112
246
714
648
286
63
570
150
64
336
240
921
668
410
763
20
374
655
627
29
645
756
534
138
987
778
698
821
874
493
290
470
915
305
954
824
515
377
760
404
338
201
884
567
597
601
171
1000
96
702
365
551
622
53
862
698
771
634
93
993
304
26
715
86
591
246
700
559
582
372
796
798
639
662
297
549
738
545
299
957
886
904
341
681
582
98
841
413
853
36
537
206
478
305
510
307
192
19
167
701
971
835
121
132
62
991
582
259
224
109
811
902
233
127
739
927
668
671
98
820
640
652
79
73
566
661
21
784
555
357
320
439
76
77
727
377
917
597
667
485
380
917
649
256
46
692
798
508
982
727
488
128
967
610
563
604
287
91
891
605
368
754
353
180
13
489
643
248
715
689
505
304
260
848
691
168
150
829
327
266
176
151
522
179
109
34
14
946
531
985
819
142
722
578
982
852
786
8
747
862
498
174
441
664
657
948
534
970
149
799
365
48
73
820
712
672
585
520
214
227
303
701
829
44
115
132
264
540
643
875
826
771
913
523
564
761
532
148
792
868
827
434
757
998
658
453
971
853
859
424
570
910
770
307
326
455
365
11
98
814
213
556
423
573
745
812
396
368
14
221
688
711
444
148
582
829
833
968
786
816
563
201
482
819
776
203
45
495
249
623
956
661
65
275
794
103
570
932
791
844
410
821
246
872
713
7
937
985
778
963
436
800
754
817
227
480
298
99
984
794
108
236
603
470
196
794
20
5
978
882
910
976
136
767
956
660
160
455
6
768
818
943
182
884
240
541
391
652
407
871
295
1000
183
680
291
164
476
451
395
493
72
745
350
674
540
50
189
107
989
466
407
874
42
899
18
996
625
566
998
876
529
575
927
10
48
1
498
595
625
475
678
496
444
665
947
199
840
467
516
895
843
439
838
620
808
743
378
309
469
435
584
549
222
224
608
621
299
624
423
557
729
956
982
763
980
440
780
752
257
610
707
284
65
317
282
236
432
599
332
519
608
631
171
680
988
830
71
491
576
189
942
198
653
202
869
363
962
527
383
953
681
771
23
633
250
335
608
777
282
350
436
251
381
563
992
409
269
92
834
748
534
9
759
986
963
415
374
417
514
476
721
418
932
878
158
947
535
14
120
452
69
824
724
298
356
319
572
30
621
407
880
931
487
667
536
160
948
213
382
804
211
386
506
74
950
824
967
57
854
415
951
251
211
236
397
921
329
111
263
949
26
392
511
390
352
351
740
202
686
299
513
607
508
476
808
703
794
910
473
285
765
231
963
802
357
11
266
911
710
880
504
889
654
524
871
603
194
413
159
165
145
668
418
675
678
696
121
583
982
287
390
575
100
527
1000
719
553
494
689
995
880
429
261
7
370
180
471
49
830
262
626
366
231
757
903
616
824
246
14
209
304
938
529
700
257
426
35
671
115
727
749
688
39
831
922
501
931
342
683
681
348
185
149
556
375
791
614
308
917
438
452
154
453
751
125
842
735
19
141
979
24
667
246
611
423
406
110
213
318
852
620
424
938
211
260
812
156
859
584
605
362
760
404
197
916
699
591
512
505
738
225
627
950
467
496
746
489
417
798
800
294
332
192
624
461
279
183
132
754
699
243
279
828
557
503
935
427
601
793
645
628
302
61
233
254
602
361
721
936
106
543
642
129
98
741
700
795
522
927
159
197
613
318
530
991
189
521
500
264
989
766
535
459
280
105
635
216
935
916
451
951
227
69
990
133
311
659
181
567
436
883
848
746
844
239
486
457
570
549
203
228
788
361
895
226
958
55
484
367
605
689
74
603
610
329
123
675
537
508
883
700
480
376
218
50
915
473
994
988
313
78
240
585
931
692
571
661
311
42
590
590
953
604
671
569
351
128
218
43
188
245
564
117
351
731
367
23
785
442
663
663
928
768
129
347
139
877
912
906
369
826
509
146
507
847
898
870
444
691
667
874
8
592
327
970
861
925
6
100
272
25
371
999
633
780
841
88
188
347
39
974
274
328
456
892
943
379
374
617
94
298
762
767
190
485
972
381
486
543
223
998
380
110
189
885
890
660
250
400
246
540
836
877
478
173
693
73
230
768
337
952
74
108
92
475
93
586
211
736
605
71
969
898
312
339
37
303
470
716
662
647
649
20
397
799
775
610
452
79
718
457
576
21
749
489
102
620
467
232
816
395
818
21
543
840
64
571
855
142
781
293
697
353
700
484
957
74
811
44
607
533
968
236
919
760
915
374
84
287
254
316
649
737
983
54
70
600
733
643
497
913
75
616
395
902
174
124
583
855
563
332
297
7
278
921
770
75
830
932
359
167
872
644
990
932
359
908
34
479
750
28
535
650
389
943
949
328
830
951
21
361
88
848
111
962
467
12
291
668
668
502
936
887
120
520
479
612
578
541
590
349
760
284
850
557
25
347
597
379
785
545
611
650
825
376
588
618
808
57
163
528
90
674
275
18
677
807
158
100
368
855
893
216
692
326
637
348
283
140
954
809
298
455
766
253
250
369
185
957
185
120
320
187
11
514
950
257
557
71
990
734
761
450
790
134
928
223
573
292
378
182
369
634
156
674
235
894
413
452
918
567
940
692
745
390
220
155
997
316
575
980
467
424
829
683
414
992
401
246
549
658
741
198
163
68
970
216
283
887
118
2
838
680
976
771
96
973
348
699
599
721
580
629
628
908
155
91
725
752
553
575
700
716
662
91
996
479
704
67
727
221
652
748
235
783
449
48
540
726
293
828
47
36
668
894
648
523
685
443
616
687
533
246
591
101
723
426
535
574
694
477
522
239
536
516
946
361
838
152
881
270
85
290
892
954
454
760
384
598
729
839
412
682
809
868
945
815
99
521
669
637
589
447
622
45
287
803
981
652
397
687
875
396
434
703
614
937
418
902
9
80
7
768
127
546
81
49
222
178
323
90
8
37
308
635
188
1
971
310
724
5
535
917
910
533
120
979
118
277
351
711
222
589
740
334
158
195
28
970
661
774
543
692
366
256
695
908
180
228
618
882
449
897
125
540
104
641
418
360
25
363
321
285
35
221
708
726
360
163
110
667
561
557
898
196
660
454
254
926
895
446
535
447
40
287
371
934
881
641
839
327
171
528
596
55
523
668
863
895
879
893
370
472
460
870
299
792
457
127
220
767
376
545
714
461
58
254
511
113
263
48
718
664
33
211
568
547
567
187
578
514
133
641
761
350
734
266
669
512
336
891
242
756
57
919
891
202
683
4
527
717
27
343
79
650
304
781
647
304
369
185
345
168
661
652
200
999
702
821
534
431
824
993
441
942
708
239
833
281
738
370
697
568
349
814
279
567
346
12
21
298
457
223
982
86
924
208
758
449
558
628
676
937
221
49
599
688
387
554
202
859
397
221
262
482
657
448
670
808
608
154
426
432
237
635
611
579
792
197
456
798
156
344
44
469
819
130
241
672
915
84
219
716
278
16
189
645
491
169
82
200
683
839
617
859
470
955
408
710
323
526
581
504
18
106
571
173
439
864
1000
340
247
103
86
179
195
283
965
56
797
947
127
26
999
340
218
284
155
795
522
997
719
625
149
338
4
67
792
36
885
547
101
834
688
590
621
801
967
213
531
186
183
472
681
117
227
158
964
72
639
408
787
161
620
955
441
177
297
312
443
86
70
788
871
17
594
295
385
573
727
88
962
549
651
59
206
655
816
568
962
916
44
807
585
297
308
586
641
512
8
114
197
324
486
875
653
602
870
648
226
510
303
938
581
773
663
783
873
115
249
335
595
35
10
143
395
586
701
189
717
896
773
24
964
746
634
542
931
754
75
497
340
791
479
30
231
6
668
151
611
916
252
825
645
747
115
436
587
1
526
448
17
904
658
434
123
815
783
380
508
250
472
438
156
813
355
50
873
758
444
161
371
809
854
882
475
450
583
591
625
42
676
298
964
503
542
690
170
336
908
164
469
81
643
904
373
424
315
741
272
788
831
913
733
149
144
184
545
996
651
141
983
716
696
776
945
330
227
613
756
729
156
203
901
236
273
795
803
858
284
438
5
881
497
633
696
318
396
422
267
948
663
691
554
357
715
839
655
639
755
856
37
137
80
793
901
38
587
520
932
132
206
712
289
910
442
494
327
335
433
498
412
528
651
292
672
516
158
982
239
35
196
200
753
227
828
223
109
437
37
416
995
353
764
93
615
784
337
769
343
408
266
600
577
268
607
181
239
227
875
197
504
52
326
48
93
474
554
20
973
309
652
460
67
910
796
177
884
350
929
666
187
124
749
785
434
807
954
146
314
366
436
37
621
298
87
868
531
903
99
946
277
321
842
423
38
120
422
269
841
912
773
230
623
716
970
60
782
575
716
919
842
18
468
958
890
546
260
284
969
749
988
751
585
754
624
648
485
680
403
848
269
814
969
758
731
979
305
386
425
615
925
17
830
259
747
825
424
523
879
570
555
107
373
373
208
982
993
456
765
677
989
413
611
489
72
140
674
941
586
216
444
97
105
290
211
787
25
213
221
141
798
740
852
109
992
966
88
286
883
329
276
209
479
962
343
711
746
730
295
534
309
907
311
615
528
95
675
946
46
997
710
568
644
564
688
580
563
531
496
63
252
231
334
415
245
104
134
319
652
32
834
978
835
508
800
122
339
528
307
451
353
541
761
51
878
536
726
378
603
897
432
224
709
390
528
919
870
907
526
132
855
699
968
35
318
536
493
875
512
557
422
936
240
416
141
551
666
781
497
598
871
660
936
529
944
210
943
316
842
963
600
458
21
481
728
223
388
700
728
766
245
291
48
373
80
257
866
637
713
406
256
393
203
802
346
499
431
33
835
957
146
319
859
662
68
70
195
526
413
41
208
573
367
709
338
791
349
10
273
399
125
400
251
408
27
766
921
30
664
827
726
292
38
385
562
13
378
636
335
620
60
344
763
564
153
252
971
461
720
887
12
177
356
988
681
127
278
119
582
150
819
88
131
779
544
989
990
196
183
488
52
582
220
559
245
667
328
421
210
412
244
921
829
887
563
644
447
342
306
713
695
969
872
441
782
32
930
16
563
714
495
635
34
123
372
851
774
521
813
428
755
175
767
155
448
444
309
381
463
357
680
111
798
570
936
184
877
933
817
940
50
873
378
920
58
217
678
612
507
761
834
238
403
814
472
824
502
934
693
479
592
342
672
511
639
727
395
620
276
431
214
79
447
42
148
400
503
478
803
1000
62
651
786
614
309
401
979
93
390
304
965
780
420
883
970
773
731
752
46
265
205
670
993
852
508
153
382
99
625
192
972
359
571
751
39
129
597
491
517
405
993
3
51
897
94
276
188
331
197
663
911
791
575
820
928
69
123
920
574
846
154
388
536
916
571
956
1000
736
823
932
752
869
1000
883
568
242
427
728
63
525
199
131
992
400
403
86
460
115
238
250
660
622
858
884
35
656
718
175
661
774
700
859
398
91
710
22
832
247
216
701
771
951
749
362
189
857
454
579
234
153
546
704
65
459
439
445
617
631
696
585
249
774
904
494
499
196
80
843
957
440
504
819
461
250
731
523
915
543
914
380
509
53
773
165
227
639
704
140
236
333
529
793
645
501
875
300
609
718
764
943
411
608
454
643
152
820
836
34
298
689
497
913
295
314
334
929
853
13
737
500
203
686
833
466
863
5
302
684
565
521
509
339
481
82
959
931
638
879
877
778
199
952
123
821
710
890
149
398
981
137
727
961
120
49
880
462
625
296
399
306
699
687
95
736
68
380
584
63
940
479
658
81
92
429
635
619
668
27
712
245
806
922
146
486
768
730
93
170
748
113
259
679
207
277
597
88
297
465
618
582
534
500
714
704
503
144
311
732
572
154
404
844
227
560
459
370
69
699
869
945
484
345
62
864
790
933
610
197
900
917
813
185
132
225
211
798
378
378
164
800
732
487
980
589
447
337
777
103
948
778
339
870
714
845
377
881
685
135
303
501
565
374
274
957
606
612
426
490
955
144
498
142
341
817
392
532
424
974
641
121
374
556
642
955
442
669
819
135
792
16
468
272
674
553
426
918
789
765
989
345
528
87
955
182
399
403
993
753
301
442
677
939
184
955
722
439
785
849
217
238
628
929
804
952
421
300
20
237
142
575
742
381
322
866
699
222
786
598
26
959
682
435
27
809
907
789
419
381
190
57
711
890
812
394
298
350
230
388
995
728
918
287
193
2
594
644
702
720
12
297
323
548
810
848
831
988
322
967
119
530
351
998
215
630
70
114
769
947
365
601
838
927
217
575
967
70
362
486
779
817
899
998
16
144
768
985
488
256
971
17
897
740
358
27
917
924
551
642
68
625
146
519
526
65
733
580
629
277
914
28
680
6
694
207
718
660
904
876
748
120
895
342
101
865
511
420
290
478
363
218
421
551
856
523
710
193
954
30
721
861
72
757
242
467
906
384
366
724
439
836
546
675
760
629
254
703
322
292
380
992
721
473
240
393
166
279
301
584
4
492
519
851
75
853
446
155
845
547
748
587
255
14
495
404
775
690
266
668
659
231
709
441
465
239
78
473
911
337
230
622
208
386
768
424
232
813
559
938
950
475
823
117
275
329
781
677
177
520
277
657
834
320
960
833
668
759
519
91
609
474
549
792
947
567
837
920
904
572
223
893
342
312
680
578
485
10
282
946
298
577
149
384
731
465
14
718
552
422
467
793
818
359
860
320
65
857
727
537
624
949
469
779
457
216
801
752
323
747
111
254
752
7
24
598
118
340
250
90
614
836
576
815
201
853
564
425
20
278
388
206
342
489
698
386
700
491
478
780
593
819
314
475
783
548
312
725
198
728
22
505
960
884
373
326
302
889
199
358
213
638
95
274
4
641
754
541
305
223
137
715
602
489
594
586
96
145
999
788
222
365
981
822
31
917
443
957
927
223
614
373
992
261
507
860
18
304
55
939
964
112
82
26
640
140
834
399
570
251
803
878
492
596
904
251
560
800
983
697
700
424
338
178
655
227
757
739
835
165
514
764
476
919
439
780
7
919
888
63
330
526
2
38
485
987
368
978
645
752
447
794
186
708
771
938
199
475
873
963
432
450
543
514
23
614
13
922
820
411
968
777
594
241
991
616
49
318
979
918
251
304
698
968
463
258
7
96
257
508
734
889
732
736
653
791
279
99
912
10
708
750
474
515
642
930
496
127
29
365
838
243
15
866
162
879
795
320
804
508
511
277
110
699
163
613
951
133
899
981
966
399
341
6
527
941
978
837
384
243
503
213
537
614
243
150
678
29
961
43
211
6
561
265
42
417
277
447
984
584
113
932
109
178
576
262
916
183
386
904
153
835
417
84
622
843
495
180
184
139
167
562
853
23
127
246
412
382
412
334
707
107
211
658
78
846
528
134
239
656
994
913
220
126
850
822
397
18
64
92
602
855
592
482
475
564
323
305
323
215
861
216
155
446
118
565
505
828
581
238
951
463
276
914
876
207
442
468
366
818
764
68
582
612
182
594
921
275
979
389
411
567
84
106
837
880
555
162
300
855
706
736
392
159
641
694
31
994
987
917
405
647
74
82
336
557
138
899
902
693
137
704
195
569
739
36
140
42
24
80
79
503
841
359
863
910
867
211
788
241
12
368
92
852
73
370
324
453
616
569
125
663
244
673
216
596
556
479
616
183
968
690
961
439
19
595
401
68
197
851
734
343
986
649
583
27
642
109
396
848
422
898
453
655
678
133
574
864
391
330
743
942
488
469
887
736
24
756
927
256
783
739
985
593
14
578
810
987
675
235
487
707
708
237
329
728
533
949
856
263
546
872
743
1000
726
250
453
388
651
321
237
518
748
497
787
284
319
497
346
227
839
221
876
851
419
973
989
256
667
994
199
249
199
168
961
899
845
593
682
180
180
718
370
849
309
848
880
120
100
437
515
834
809
588
414
476
535
784
960
915
385
694
113
482
396
143
965
664
34
36
867
52
594
934
522
803
48
587
611
924
248
766
574
447
385
788
584
739
824
172
315
757
903
30
990
734
62
379
569
421
512
472
188
678
2
142
221
540
676
746
921
587
396
474
411
62
669
471
164
340
210
302
976
262
75
859
602
552
341
900
699
968
944
600
425
884
913
795
257
15
226
306
411
432
289
150
834
659
690
948
694
130
382
631
875
477
47
377
783
534
555
53
203
741
209
152
738
702
18
267
460
887
255
116
989
804
828
185
429
212
859
999
452
347
770
781
381
118
205
450
255
119
467
817
744
740
899
73
124
907
36
879
226
660
50
726
181
487
248
348
216
687
313
735
494
478
738
979
100
286
915
614
91
508
30
867
269
52
278
755
588
140
42
831
677
207
231
322
316
380
487
878
789
9
17
143
534
812
87
772
230
711
393
734
9
504
1
961
931
802
836
408
954
43
397
14
857
266
538
250
287
476
950
995
430
298
739
769
972
997
277
472
166
326
275
908
367
275
649
293
45
50
726
13
523
701
363
490
130
827
468
711
788
258
744
664
748
749
283
901
702
246
109
957
935
488
629
473
806
987
741
137
388
954
918
910
398
1000
536
82
815
61
747
136
160
861
16
977
175
239
375
332
381
355
571
885
182
760
908
718
350
846
645
140
860
734
812
171
670
226
616
346
444
657
184
471
264
225
138
721
34
763
408
159
136
847
308
769
458
699
563
545
168
531
936
3
346
862
927
475
933
831
1
34
709
340
514
72
177
247
632
211
282
622
680
89
56
792
774
113
621
134
31
109
746
822
169
843
567
641
646
500
174
528
59
301
206
620
250
657
632
665
634
765
752
945
533
194
342
607
760
344
623
438
982
284
370
191
416
513
361
396
646
45
252
114
918
447
704
280
852
712
968
710
585
407
203
248
16
303
790
744
263
477
363
503
911
523
797
508
12
423
782
973
797
474
136
703
244
819
382
795
566
821
763
209
871
692
703
964
508
638
102
141
291
664
263
216
47
570
715
329
970
657
603
371
694
958
417
70
781
25
314
70
896
388
683
689
843
721
370
709
39
299
502
914
954
887
939
394
68
314
282
101
520
107
687
129
740
183
156
169
1000
977
55
967
182
562
636
590
939
287
44
621
902
340
378
951
624
270
760
267
961
876
326
726
772
167
853
818
305
199
298
707
236
211
47
855
461
632
394
677
373
797
923
406
904
770
540
730
827
687
728
604
724
542
83
707
834
330
690
860
565
16
60
943
914
166
685
531
627
964
148
981
271
75
20
927
553
916
275
809
781
510
924
243
861
559
708
443
104
34
57
425
485
605
643
528
712
337
254
891
206
263
501
418
9
143
289
970
698
851
768
346
317
649
495
586
370
844
939
751
597
459
921
303
331
623
113
4
351
121
712
953
383
758
8
713
628
284
674
315
856
389
651
390
638
93
477
252
937
740
42
927
21
425
146
388
198
261
610
386
389
880
691
867
920
702
384
53
192
997
687
910
981
315
328
41
377
944
152
160
757
727
206
681
34
469
52
235
869
688
606
977
211
951
21
514
740
661
541
432
916
995
144
697
898
196
744
713
135
514
84
171
668
40
314
172
332
22
917
157
31
347
21
498
568
905
352
947
41
849
421
1000
777
393
406
372
241
747
902
967
818
732
732
28
577
698
954
405
370
489
782
785
104
442
391
130
60
416
452
968
876
657
718
524
534
475
898
378
973
59
198
452
448
743
371
158
729
470
223
781
566
942
703
330
335
661
658
367
656
310
474
334
669
72
888
551
851
549
672
9
21
638
614
998
687
310
813
761
895
167
451
112
700
726
475
376
335
471
36
659
998
35
865
276
948
802
135
114
262
102
273
713
479
233
14
221
556
300
117
519
817
786
174
864
595
181
19
320
779
585
591
129
898
584
371
274
773
87
868
668
308
827
104
315
665
195
861
449
276
300
401
910
24
441
500
450
731
421
934
985
528
894
130
848
556
573
468
378
91
925
789
968
1
442
273
518
241
857
986
566
568
409
772
391
3
116
191
191
987
568
46
810
93
836
540
645
864
121
495
340
829
8
604
96
545
43
525
748
450
692
448
845
337
107
675
903
692
200
914
837
273
743
197
873
217
245
832
519
730
541
95
10
656
92
13
830
17
888
709
198
258
503
623
40
448
852
200
400
610
79
813
125
328
123
921
640
189
9
330
496
621
933
854
277
453
284
179
310
556
143
847
299
424
130
597
124
344
114
895
447
789
2
326
223
774
119
657
687
143
421
993
452
894
562
277
397
215
29
185
611
916
575
899
327
866
17
605
40
109
95
895
468
175
541
554
350
475
372
849
918
220
447
579
715
297
166
815
353
625
615
963
184
940
222
601
652
795
426
257
492
566
683
486
7
291
394
301
380
161
989
392
760
3
934
513
304
649
946
271
446
897
324
252
925
351
407
665
843
82
678
664
443
898
756
932
945
940
528
509
729
297
899
956
387
173
580
91
840
962
5
663
543
811
229
168
507
38
550
75
232
196
607
259
899
209
38
449
937
725
53
888
765
58
902
189
202
342
810
910
603
633
345
94
383
957
347
587
915
689
973
81
827
689
257
367
285
735
879
768
52
968
315
947
607
827
709
392
699
301
861
822
864
129
640
976
498
116
58
364
394
510
768
365
145
17
450
650
380
215
828
613
2
789
679
695
302
207
456
638
173
153
553
252
192
187
787
366
54
793
432
780
477
135
806
913
285
708
604
556
159
104
49
621
481
548
392
983
855
727
532
755
962
139
110
431
663
452
406
11
160
677
569
830
986
264
986
547
482
60
729
489
76
313
662
938
339
119
14
760
586
700
791
978
880
184
952
729
387
265
859
740
762
810
98
539
24
308
317
741
720
829
925
221
527
39
232
40
325
208
74
604
579
564
31
44
341
839
610
919
208
321
251
756
506
811
527
648
689
600
35
439
739
965
941
475
315
1000
732
921
93
975
740
23
93
580
930
851
383
765
686
426
642
401
176
169
869
453
14
980
128
689
420
534
645
623
495
421
796
481
802
429
217
4
354
239
592
677
350
468
891
813
590
274
423
252
536
531
531
992
862
841
522
349
641
551
363
722
8
683
522
827
768
315
101
949
32
851
624
144
712
217
447
673
545
258
77
693
76
524
496
959
875
92
581
346
548
80
869
476
368
543
818
576
162
815
246
363
626
802
56
42
673
68
384
898
745
799
555
446
554
782
984
802
80
876
608
804
238
924
854
90
476
149
173
585
114
978
250
856
279
27
254
263
584
14
858
125
631
363
754
549
715
389
710
228
501
739
40
213
582
582
560
249
744
907
746
63
537
366
504
893
406
878
812
78
343
435
882
81
736
511
815
733
713
520
498
735
815
930
509
802
444
954
988
507
737
473
550
871
114
419
669
236
502
453
732
38
448
55
606
196
34
890
889
576
200
861
125
901
360
633
493
272
648
766
951
557
102
810
569
414
753
18
877
895
922
250
357
931
672
254
564
762
546
517
878
155
430
652
185
912
459
144
785
238
216
854
203
975
791
440
491
926
20
92
217
625
409
295
293
379
882
56
37
227
225
171
792
353
959
458
619
471
767
146
634
637
726
89
950
170
596
164
504
861
263
31
612
154
9
276
448
800
904
752
269
413
128
453
890
827
841
274
64
632
370
801
932
851
207
156
871
39
665
59
222
230
113
219
843
459
586
996
33
799
186
744
312
825
949
259
755
775
276
561
481
291
739
782
359
434
400
630
766
533
741
277
253
895
762
786
521
471
393
5
606
115
828
771
951
232
974
529
455
522
285
720
520
122
980
428
506
872
899
556
171
472
250
220
760
928
402
561
894
988
679
349
405
776
804
959
484
649
611
825
704
667
136
47
797
9
690
235
227
199
917
498
925
216
216
623
263
284
593
146
180
512
977
569
512
585
792
150
853
721
205
239
626
951
79
816
486
243
315
498
266
716
555
842
376
871
549
286
455
838
566
99
704
758
695
674
984
783
724
902
260
128
871
928
161
252
612
860
757
255
292
20
589
537
583
907
934
16
283
270
368
126
126
42
467
318
790
170
7
949
503
14
229
266
150
945
186
890
748
863
9
671
16
750
518
20
104
938
767
91
365
997
214
997
756
649
453
74
100
470
730
996
434
182
27
972
657
844
252
165
138
418
306
196
761
269
173
909
545
407
704
682
893
996
252
500
883
403
260
306
71
163
299
268
125
42
146
357
974
971
685
428
583
846
590
272
449
56
1
955
586
302
385
330
424
356
226
434
214
926
249
681
890
863
722
870
895
582
866
376
39
870
879
725
356
653
441
507
747
281
269
363
933
245
931
634
443
119
805
69
4
432
36
728
22
441
291
657
349
270
220
291
530
290
902
405
772
684
663
212
67
766
865
26
680
528
52
574
799
783
801
310
385
193
370
261
262
394
72
766
156
848
215
611
966
971
718
666
467
935
910
146
531
246
997
949
644
178
557
903
180
987
873
63
388
626
955
670
741
312
392
715
196
524
585
164
269
246
59
273
754
309
594
537
782
105
128
365
934
64
584
123
635
742
229
442
567
847
406
145
503
797
866
778
840
133
90
302
767
219
762
138
162
49
372
910
250
580
380
662
371
62
91
363
665
557
937
946
454
685
405
235
359
139
766
42
588
515
891
904
479
807
309
640
812
112
780
891
259
271
468
517
904
120
481
233
377
125
242
594
950
710
415
889
308
633
117
117
424
643
770
931
249
92
80
267
910
19
671
5
146
783
274
992
348
575
519
153
415
30
111
510
809
396
844
860
490
676
346
464
432
475
677
184
118
669
292
317
936
804
809
552
796
756
823
309
970
914
452
910
211
987
654
487
507
677
284
655
431
966
919
189
378
318
707
971
1
680
773
367
753
2
902
800
768
103
148
34
692
774
470
132
528
745
197
24
631
440
571
507
305
494
422
216
260
679
237
479
172
808
909
224
901
799
37
686
412
174
896
988
830
412
814
911
472
474
569
345
492
644
111
232
152
803
794
480
566
184
536
691
688
961
82
931
364
432
571
495
309
360
504
840
926
968
172
995
12
231
735
358
120
66
29
857
871
698
553
572
505
78
438
610
951
475
754
56
38
161
181
341
631
596
941
32
907
404
712
622
431
508
979
161
147
630
745
154
9
324
68
122
859
435
263
11
669
825
366
587
787
412
364
9
386
272
854
180
949
678
613
846
82
124
295
20
909
764
378
659
245
494
168
656
891
603
675
177
729
846
518
265
786
780
298
938
599
39
211
382
913
765
234
933
306
443
380
992
380
124
174
855
255
759
291
738
596
621
951
276
193
217
754
730
464
617
15
270
283
129
500
186
813
445
853
817
265
464
137
183
703
621
148
493
70
400
736
721
692
495
413
363
258
273
851
467
595
608
807
430
844
871
964
568
917
449
45
416
642
607
291
285
187
441
724
163
42
183
287
857
795
785
343
641
851
797
461
845
161
151
169
619
40
143
90
32
946
562
623
973
236
892
519
323
688
246
402
79
425
18
442
382
717
371
28
687
808
520
17
403
748
760
193
326
750
42
592
536
702
518
536
703
600
89
546
921
157
728
672
675
617
95
659
511
441
995
969
249
649
813
452
696
131
281
88
224
577
388
955
157
38
727
888
126
822
198
399
447
516
295
380
118
455
681
614
152
266
232
521
237
966
600
649
369
241
893
443
32
952
19
401
676
670
447
118
866
84
789
695
14
16
281
197
98
661
509
546
479
467
247
348
291
329
830
919
54
134
293
384
269
250
721
756
124
79
475
777
368
453
756
283
107
459
181
166
753
491
230
498
341
12
396
392
776
647
379
824
712
970
903
448
831
464
284
761
116
541
753
158
34
692
987
192
72
142
435
771
887
940
656
885
1
644
469
304
478
661
466
233
112
262
567
131
238
826
782
677
473
13
242
532
539
787
481
416
718
562
947
835
482
744
366
830
500
290
738
166
343
596
623
500
993
39
147
541
305
540
590
66
574
329
967
389
22
251
201
611
892
423
937
535
670
966
907
990
998
416
581
386
91
562
236
973
371
289
944
632
440
732
262
559
840
834
436
311
576
128
323
409
304
520
967
378
597
985
723
988
281
619
480
336
962
278
496
431
655
923
233
382
922
254
24
444
142
687
899
334
764
518
272
285
734
926
690
364
478
509
140
384
726
303
807
343
214
356
978
443
869
169
726
556
816
688
362
338
55
797
765
84
917
586
311
622
114
825
821
188
753
998
943
128
679
601
969
452
567
701
699
608
559
531
601
925
145
526
364
5
505
821
632
987
811
428
119
577
183
105
294
315
259
744
498
680
316
192
459
64
321
838
276
981
535
427
1000
858
385
218
619
362
86
718
623
31
363
3
96
74
578
943
294
258
773
539
618
937
512
254
179
468
113
745
216
577
346
469
734
20
742
216
46
706
448
909
54
617
981
495
713
230
66
27
197
986
123
748
321
900
447
998
591
641
229
778
15
730
109
787
711
692
460
971
889
266
177
243
429
551
664
673
465
380
667
862
242
220
109
773
881
645
14
263
614
358
734
571
341
787
344
670
780
95
486
343
820
610
303
411
721
847
137
956
54
852
361
635
973
952
250
82
317
251
244
816
974
407
96
382
407
123
502
142
536
630
409
616
453
252
818
779
269
408
605
586
242
219
323
389
340
388
829
543
865
918
936
588
73
481
58
263
371
831
585
556
8
642
871
598
955
964
217
636
523
964
40
417
930
84
971
649
98
197
990
260
494
350
215
515
248
421
704
134
234
829
221
216
951
403
546
825
903
147
758
114
295
538
571
58
465
608
297
355
92
864
510
272
429
472
157
925
277
659
855
876
783
735
677
384
22
524
262
107
904
728
664
887
545
759
630
76
345
873
236
561
191
845
268
88
734
347
99
871
767
556
460
719
418
694
409
388
788
727
369
668
617
63
707
831
956
751
805
544
692
73
650
762
588
545
946
605
607
948
854
840
190
530
931
284
640
655
564
284
368
190
222
954
100
221
986
93
521
261
1
86
470
859
609
970
403
761
951
992
728
956
374
536
839
866
922
64
968
733
87
481
224
848
503
816
919
914
126
810
84
881
788
937
676
487
998
757
217
168
685
925
380
878
657
565
362
365
334
872
784
149
46
617
849
630
299
852
935
17
429
270
877
869
778
291
835
718
494
929
583
937
733
259
743
274
649
974
650
125
432
259
367
478
190
899
261
968
427
33
729
130
653
321
335
482
636
197
483
28
163
694
465
119
166
426
232
271
897
934
911
482
432
867
693
289
123
153
531
259
249
268
799
676
992
539
317
274
891
330
546
256
230
612
469
583
442
474
407
792
359
611
38
85
65
816
119
64
50
762
309
145
398
905
290
74
242
988
861
167
186
963
476
515
993
391
672
736
411
554
432
428
296
778
681
52
491
919
651
914
414
103
283
390
880
528
680
384
978
765
173
755
104
329
9
671
952
460
992
780
660
975
816
534
594
550
994
34
107
368
909
127
329
570
618
900
490
671
438
640
872
911
947
787
589
901
756
594
873
193
971
551
393
868
507
817
387
915
885
289
556
743
188
103
28
104
583
969
497
154
659
722
353
38
266
561
60
50
712
438
914
935
358
276
812
748
813
382
161
930
868
120
261
521
64
777
233
221
369
433
605
775
488
739
547
811
897
745
286
917
588
847
29
884
70
428
818
138
971
265
656
351
738
432
615
676
120
639
145
535
635
441
238
341
532
245
145
564
70
99
460
608
939
994
698
620
13
714
868
439
341
832
539
244
656
504
148
861
830
452
631
405
503
510
930
580
265
832
744
775
475
899
944
808
19
982
688
444
658
284
716
582
580
842
813
858
154
305
431
337
335
795
464
419
886
199
943
682
22
776
472
528
955
328
837
26
780
635
275
305
728
237
610
526
629
296
93
217
930
491
959
767
223
128
699
361
63
231
381
195
445
955
690
36
53
42
58
110
997
932
800
976
777
573
15
888
990
335
582
431
40
23
663
558
715
775
840
547
106
913
901
291
636
465
990
627
88
59
528
336
217
526
310
903
462
452
180
130
224
799
590
816
588
705
374
577
291
585
925
553
773
221
747
666
558
859
786
304
849
354
218
501
886
893
414
161
333
867
885
447
844
783
260
871
287
652
59
108
85
56
324
70
608
943
741
6
969
695
539
810
820
419
998
520
543
790
752
204
391
644
252
417
460
239
215
403
31
221
801
732
428
42
747
394
127
747
758
66
94
965
768
930
678
229
540
335
271
632
223
824
474
671
873
17
780
120
424
26
145
457
304
382
776
234
180
245
565
635
93
290
413
385
446
77
523
962
343
499
177
33
629
793
176
813
873
242
854
335
118
81
19
219
811
190
914
365
49
865
497
125
430
966
56
480
704
136
234
121
69
13
42
160
900
278
880
532
685
947
350
951
569
796
527
171
250
63
711
442
647
646
996
175
823
722
659
584
348
807
114
192
205
843
787
755
629
893
505
751
405
572
371
62
594
101
665
802
550
150
929
459
462
11
235
139
469
306
16
836
668
124
251
534
360
86
15
270
12
501
320
670
575
524
374
921
26
38
828
953
222
558
603
985
216
302
829
141
785
176
779
721
256
328
597
208
900
746
806
111
722
900
915
798
577
169
342
623
665
70
924
741
185
924
477
25
66
282
210
38
998
976
857
474
870
369
450
935
147
244
460
825
803
145
983
168
360
289
143
411
844
901
945
150
718
49
347
574
144
790
685
968
268
65
626
51
751
306
488
576
984
211
263
679
191
225
583
947
24
740
565
917
240
926
385
184
461
59
650
460
836
22
600
687
796
290
433
242
292
148
588
524
756
911
88
339
511
392
819
799
416
487
875
29
817
523
72
83
426
828
882
272
904
786
522
7
58
778
817
796
587
918
463
811
133
386
438
562
554
58
821
50
340
344
378
530
213
112
688
780
588
522
353
230
721
322
439
777
51
266
623
873
83
346
178
35
887
305
916
274
577
46
519
908
495
132
904
553
659
59
794
680
1000
776
58
228
593
600
731
327
451
159
777
494
947
378
234
910
814
681
528
82
195
82
628
460
14
359
638
300
4
330
584
863
517
422
687
390
337
992
668
355
348
767
734
497
297
262
67
130
868
905
723
168
90
696
218
95
388
251
739
535
60
722
196
73
701
401
528
259
317
931
908
140
500
831
909
595
855
206
1
345
915
333
26
707
971
190
202
276
354
295
808
946
741
26
602
217
418
541
775
759
115
160
504
353
170
686
195
811
856
243
420
6
836
332
423
768
469
486
884
577
902
410
15
148
483
663
984
487
609
618
861
758
339
569
345
758
906
378
889
383
165
962
337
929
160
826
942
825
137
250
536
357
983
894
742
588
936
189
183
409
914
773
283
772
803
152
638
747
790
424
20
938
612
723
115
154
783
756
537
813
237
167
311
349
330
239
88
169
882
48
827
728
327
609
372
203
44
25
774
422
307
783
412
59
16
522
915
634
901
981
959
255
564
265
142
338
481
742
716
864
418
573
535
561
560
572
576
875
102
480
667
142
350
573
457
257
952
352
231
701
791
493
699
586
285
594
499
976
465
138
546
352
183
507
10
636
875
985
957
86
882
540
541
644
277
546
974
181
554
958
259
441
810
283
874
551
283
980
425
547
373
113
80
916
755
917
129
61
185
854
556
775
203
119
302
762
772
924
975
353
958
840
367
90
299
271
381
112
982
222
7
929
478
150
377
960
135
865
590
672
714
110
244
586
849
36
304
237
855
972
83
419
442
459
206
952
345
779
639
545
292
209
655
427
755
158
207
358
959
260
754
676
868
63
712
132
503
888
891
472
878
494
931
16
846
710
209
884
499
273
77
935
213
778
303
628
274
733
918
392
543
354
882
488
953
275
115
823
474
340
440
852
257
515
515
636
531
979
853
551
973
583
482
533
18
952
170
632
528
220
310
751
360
881
235
145
325
227
19
510
894
876
103
439
65
951
56
453
739
690
89
522
347
498
502
922
809
814
141
853
458
801
200
154
315
702
590
190
673
825
560
659
83
440
15
1
334
715
759
440
852
142
662
594
355
492
582
232
709
349
232
790
458
875
509
981
103
925
554
370
482
960
195
894
730
102
99
596
833
415
418
706
170
18
517
662
523
371
735
302
796
368
408
580
623
252
323
11
727
761
384
952
558
369
949
407
44
612
912
530
131
49
471
325
168
446
184
816
306
408
545
923
577
822
311
340
911
935
493
688
115
151
656
976
64
788
593
449
464
597
312
683
186
13
935
916
606
155
820
172
260
614
601
668
122
813
803
667
10
725
899
990
154
254
829
126
941
882
304
47
503
941
599
438
814
910
986
472
407
150
177
830
239
978
160
77
855
751
824
807
135
486
564
193
382
822
338
181
915
441
1
236
205
797
318
401
727
462
99
2
961
365
427
219
604
848
85
92
766
172
166
202
577
629
867
562
544
719
894
349
544
811
397
309
189
940
431
661
913
330
278
244
931
441
203
936
265
655
974
948
843
783
400
240
15
383
674
109
430
589
185
225
130
669
25
690
551
196
458
897
578
970
157
905
234
534
776
345
966
414
733
698
14
475
73
711
231
277
764
58
27
724
799
63
486
738
284
146
279
641
884
833
78
368
428
419
143
635
402
953
425
578
307
421
760
406
898
326
70
84
246
979
983
739
85
968
522
208
115
641
983
968
945
290
197
319
967
530
622
460
611
303
553
389
393
728
251
486
568
270
718
430
314
69
732
875
497
123
137
889
392
255
623
700
133
820
531
733
594
257
645
89
378
111
515
248
805
541
671
994
448
156
527
136
792
563
946
811
660
170
632
27
716
413
69
826
866
780
928
480
914
416
509
305
238
635
64
225
592
178
256
509
560
967
175
573
973
634
541
644
547
225
82
380
539
376
603
806
292
58
351
601
685
672
526
389
423
214
489
87
336
526
241
888
949
219
796
262
406
215
548
389
474
877
494
733
445
650
662
952
715
739
694
450
314
638
16
541
195
997
605
681
817
3
2
351
292
742
128
240
731
166
627
290
826
728
319
506
911
571
104
88
166
272
159
714
265
984
520
357
851
499
799
121
588
508
624
793
903
728
575
921
616
172
913
337
157
907
813
839
42
825
195
678
414
351
448
315
262
745
890
220
689
137
872
169
55
827
140
787
5
340
498
877
912
635
450
983
389
537
475
913
503
735
858
415
932
112
624
383
263
737
325
272
45
397
283
838
430
236
928
259
709
875
293
954
715
72
306
482
66
557
877
649
241
643
788
620
870
228
662
390
214
799
368
372
729
150
469
226
671
553
934
195
988
813
644
464
886
12
835
386
705
174
744
318
789
243
196
881
5
567
776
642
625
539
296
985
857
855
772
380
586
99
303
693
999
712
405
123
192
66
271
532
763
14
660
400
18
301
816
541
218
595
808
194
566
521
273
793
364
885
120
330
180
102
614
295
127
232
9
216
859
737
117
818
582
44
350
717
515
698
197
417
613
908
469
746
64
651
399
377
491
806
710
522
717
315
120
579
677
584
860
433
580
109
736
446
811
823
786
715
484
673
304
487
347
268
398
275
543
498
280
310
726
60
47
636
226
944
810
699
949
209
457
664
882
818
923
398
190
770
990
340
373
541
587
966
437
349
346
787
571
535
341
702
409
993
844
275
442
61
61
340
500
138
504
537
132
382
759
467
275
585
584
514
204
255
633
128
686
968
787
360
627
579
978
152
181
890
669
299
154
184
885
120
754
696
991
184
617
463
413
848
709
109
882
819
27
219
877
692
413
503
538
236
707
833
753
1
650
909
922
933
219
112
148
825
840
209
277
20
877
698
269
50
170
913
992
958
880
532
648
382
987
353
925
844
730
897
932
207
536
592
321
985
116
45
861
958
805
302
876
79
9
402
45
653
340
327
871
356
159
896
688
780
102
121
10
623
279
540
423
498
557
832
670
784
601
316
964
266
641
139
518
226
668
195
540
859
349
618
511
176
887
500
350
972
657
245
817
449
255
972
798
14
817
82
943
362
294
283
78
772
520
66
851
653
917
513
74
213
602
456
250
727
337
2
392
186
889
463
414
135
869
629
256
672
203
652
707
564
72
868
906
862
798
905
35
823
29
195
512
192
933
70
145
256
320
978
89
117
516
667
981
44
747
332
857
233
953
597
952
327
379
139
645
521
696
30
192
250
660
270
107
950
652
917
710
647
940
970
176
92
680
37
520
894
516
775
162
990
817
730
546
831
468
91
316
825
493
370
894
404
113
809
171
492
295
902
925
39
424
517
933
300
284
339
153
845
2
259
671
702
492
78
701
13
536
341
49
853
83
645
154
301
714
165
834
584
835
33
749
236
272
72
519
240
556
847
988
399
370
933
567
492
771
673
747
793
791
280
380
85
545
771
480
132
616
766
249
321
117
202
909
368
380
994
713
52
103
24
881
184
675
630
181
116
202
952
831
114
490
363
839
323
261
561
679
636
957
702
226
81
739
867
291
786
371
974
96
238
830
688
349
759
961
606
348
66
335
129
360
551
203
123
977
722
242
744
801
684
655
677
814
826
337
245
68
590
873
324
831
889
321
447
879
848
460
967
953
419
493
736
925
225
722
763
331
446
5
359
522
678
958
882
370
65
327
310
635
669
29
504
935
917
998
960
375
129
378
638
365
507
947
828
47
441
626
29
465
946
250
705
589
811
148
444
718
162
754
912
721
413
466
875
959
238
526
111
162
335
385
406
194
352
874
921
299
458
458
942
761
42
32
948
502
212
419
119
413
153
864
547
31
104
938
686
142
547
582
826
513
952
409
843
780
529
419
469
616
96
813
109
336
943
626
222
420
310
231
33
452
387
621
561
626
406
982
570
132
68
955
301
741
301
34
719
371
878
527
387
876
931
382
239
485
814
951
61
708
919
400
139
191
752
884
821
615
137
858
517
530
228
753
99
470
211
656
552
792
421
532
98
217
261
325
306
791
454
471
972
686
701
655
571
153
379
548
37
306
714
61
933
883
520
138
378
96
701
443
39
902
362
46
963
414
508
774
696
832
76
578
29
175
226
918
211
640
298
65
964
516
703
760
118
656
872
925
264
348
770
993
32
267
989
287
442
615
740
617
848
883
248
771
595
790
32
847
648
619
189
341
949
352
719
455
103
863
230
685
688
604
422
559
52
9
166
659
50
515
941
291
871
366
910
622
364
77
103
18
59
675
378
147
123
765
560
58
51
296
902
46
901
639
547
238
480
570
502
911
685
881
525
707
954
981
852
408
633
50
177
34
219
812
83
524
95
259
687
643
681
438
43
652
809
463
520
21
482
494
498
868
469
741
375
53
245
120
35